a_iter: [0, 1, 2, 3, 5, 6]
a_iter: [0, 1, 2, 3, 5, 7]
a_iter: [0, 1, 2, 3, 5, 8]
a_iter: [0, 1, 2, 3, 6]
a_iter: [0, 1, 2, 3, 7]
a_iter: [0, 1, 2, 3, 8]
a_iter: [0, 1, 2, 5, 3, 6]
a_iter: [0, 1, 2, 5, 3, 7]
a_iter: [0, 1, 2, 5, 3, 8]
a_iter: [0, 1, 2, 5, 6]
a_iter: [0, 1, 2, 5, 7]
a_iter: [0, 1, 2, 5, 8]
a_iter: [0, 1, 2, 6]
a_iter: [0, 1, 2, 7]
a_iter: [0, 1, 2, 8]
a_iter: [0, 1, 3, 2, 5, 6]
a_iter: [0, 1, 3, 2, 5, 7]
a_iter: [0, 1, 3, 2, 5, 8]
a_iter: [0, 1, 3, 2, 6]
a_iter: [0, 1, 3, 2, 7]
a_iter: [0, 1, 3, 2, 8]
a_iter: [0, 1, 3, 5, 2, 6]
a_iter: [0, 1, 3, 5, 2, 7]
a_iter: [0, 1, 3, 5, 2, 8]
a_iter: [0, 1, 3, 5, 6]
a_iter: [0, 1, 3, 5, 7]
a_iter: [0, 1, 3, 5, 8]
a_iter: [0, 1, 3, 6]
a_iter: [0, 1, 3, 7]
a_iter: [0, 1, 3, 8]
a_iter: [0, 1, 5, 2, 3, 6]
a_iter: [0, 1, 5, 2, 3, 7]
a_iter: [0, 1, 5, 2, 3, 8]
a_iter: [0, 1, 5, 2, 6]
a_iter: [0, 1, 5, 2, 7]
a_iter: [0, 1, 5, 2, 8]
a_iter: [0, 1, 5, 3, 2, 6]
a_iter: [0, 1, 5, 3, 2, 7]
a_iter: [0, 1, 5, 3, 2, 8]
a_iter: [0, 1, 5, 3, 6]
a_iter: [0, 1, 5, 3, 7]
a_iter: [0, 1, 5, 3, 8]
a_iter: [0, 1, 5, 6]
a_iter: [0, 1, 5, 7]
a_iter: [0, 1, 5, 8]
a_iter: [0, 1, 6]
a_iter: [0, 1, 7]
a_iter: [0, 1, 8]
a_iter: [0, 2, 1, 3, 5, 6]
a_iter: [0, 2, 1, 3, 5, 7]
a_iter: [0, 2, 1, 3, 5, 8]
a_iter: [0, 2, 1, 3, 6]
a_iter: [0, 2, 1, 3, 7]
a_iter: [0, 2, 1, 3, 8]
a_iter: [0, 2, 1, 5, 3, 6]
a_iter: [0, 2, 1, 5, 3, 7]
a_iter: [0, 2, 1, 5, 3, 8]
a_iter: [0, 2, 1, 5, 6]
a_iter: [0, 2, 1, 5, 7]
a_iter: [0, 2, 1, 5, 8]
a_iter: [0, 2, 1, 6]
a_iter: [0, 2, 1, 7]
a_iter: [0, 2, 1, 8]
a_iter: [0, 2, 3, 1, 5, 6]
a_iter: [0, 2, 3, 1, 5, 7]
a_iter: [0, 2, 3, 1, 5, 8]
a_iter: [0, 2, 3, 1, 6]
a_iter: [0, 2, 3, 1, 7]
a_iter: [0, 2, 3, 1, 8]
a_iter: [0, 2, 3, 5, 1, 6]
a_iter: [0, 2, 3, 5, 1, 7]
a_iter: [0, 2, 3, 5, 1, 8]
a_iter: [0, 2, 3, 5, 6]
a_iter: [0, 2, 3, 5, 7]
a_iter: [0, 2, 3, 5, 8]
a_iter: [0, 2, 3, 6]
a_iter: [0, 2, 3, 7]
a_iter: [0, 2, 3, 8]
a_iter: [0, 2, 5, 1, 3, 6]
a_iter: [0, 2, 5, 1, 3, 7]
a_iter: [0, 2, 5, 1, 3, 8]
a_iter: [0, 2, 5, 1, 6]
a_iter: [0, 2, 5, 1, 7]
a_iter: [0, 2, 5, 1, 8]
a_iter: [0, 2, 5, 3, 1, 6]
a_iter: [0, 2, 5, 3, 1, 7]
a_iter: [0, 2, 5, 3, 1, 8]
a_iter: [0, 2, 5, 3, 6]
a_iter: [0, 2, 5, 3, 7]
a_iter: [0, 2, 5, 3, 8]
a_iter: [0, 2, 5, 6]
a_iter: [0, 2, 5, 7]
a_iter: [0, 2, 5, 8]
a_iter: [0, 2, 6]
a_iter: [0, 2, 7]
a_iter: [0, 2, 8]
a_iter: [0, 3, 1, 2, 5, 6]
a_iter: [0, 3, 1, 2, 5, 7]
a_iter: [0, 3, 1, 2, 5, 8]
a_iter: [0, 3, 1, 2, 6]
a_iter: [0, 3, 1, 2, 7]
a_iter: [0, 3, 1, 2, 8]
a_iter: [0, 3, 1, 5, 2, 6]
a_iter: [0, 3, 1, 5, 2, 7]
a_iter: [0, 3, 1, 5, 2, 8]
a_iter: [0, 3, 1, 5, 6]
a_iter: [0, 3, 1, 5, 7]
a_iter: [0, 3, 1, 5, 8]
a_iter: [0, 3, 1, 6]
a_iter: [0, 3, 1, 7]
a_iter: [0, 3, 1, 8]
a_iter: [0, 3, 2, 1, 5, 6]
a_iter: [0, 3, 2, 1, 5, 7]
a_iter: [0, 3, 2, 1, 5, 8]
a_iter: [0, 3, 2, 1, 6]
a_iter: [0, 3, 2, 1, 7]
a_iter: [0, 3, 2, 1, 8]
a_iter: [0, 3, 2, 5, 1, 6]
a_iter: [0, 3, 2, 5, 1, 7]
a_iter: [0, 3, 2, 5, 1, 8]
a_iter: [0, 3, 2, 5, 6]
a_iter: [0, 3, 2, 5, 7]
a_iter: [0, 3, 2, 5, 8]
a_iter: [0, 3, 2, 6]
a_iter: [0, 3, 2, 7]
a_iter: [0, 3, 2, 8]
a_iter: [0, 3, 5, 1, 2, 6]
a_iter: [0, 3, 5, 1, 2, 7]
a_iter: [0, 3, 5, 1, 2, 8]
a_iter: [0, 3, 5, 1, 6]
a_iter: [0, 3, 5, 1, 7]
a_iter: [0, 3, 5, 1, 8]
a_iter: [0, 3, 5, 2, 1, 6]
a_iter: [0, 3, 5, 2, 1, 7]
a_iter: [0, 3, 5, 2, 1, 8]
a_iter: [0, 3, 5, 2, 6]
a_iter: [0, 3, 5, 2, 7]
a_iter: [0, 3, 5, 2, 8]
a_iter: [0, 3, 5, 6]
a_iter: [0, 3, 5, 7]
a_iter: [0, 3, 5, 8]
a_iter: [0, 3, 6]
a_iter: [0, 3, 7]
a_iter: [0, 3, 8]
a_iter: [0, 5, 1, 2, 3, 6]
a_iter: [0, 5, 1, 2, 3, 7]
a_iter: [0, 5, 1, 2, 3, 8]
a_iter: [0, 5, 1, 2, 6]
a_iter: [0, 5, 1, 2, 7]
a_iter: [0, 5, 1, 2, 8]
a_iter: [0, 5, 1, 3, 2, 6]
a_iter: [0, 5, 1, 3, 2, 7]
a_iter: [0, 5, 1, 3, 2, 8]
a_iter: [0, 5, 1, 3, 6]
a_iter: [0, 5, 1, 3, 7]
a_iter: [0, 5, 1, 3, 8]
a_iter: [0, 5, 1, 6]
a_iter: [0, 5, 1, 7]
a_iter: [0, 5, 1, 8]
a_iter: [0, 5, 2, 1, 3, 6]
a_iter: [0, 5, 2, 1, 3, 7]
a_iter: [0, 5, 2, 1, 3, 8]
a_iter: [0, 5, 2, 1, 6]
a_iter: [0, 5, 2, 1, 7]
a_iter: [0, 5, 2, 1, 8]
a_iter: [0, 5, 2, 3, 1, 6]
a_iter: [0, 5, 2, 3, 1, 7]
a_iter: [0, 5, 2, 3, 1, 8]
a_iter: [0, 5, 2, 3, 6]
a_iter: [0, 5, 2, 3, 7]
a_iter: [0, 5, 2, 3, 8]
a_iter: [0, 5, 2, 6]
a_iter: [0, 5, 2, 7]
a_iter: [0, 5, 2, 8]
a_iter: [0, 5, 3, 1, 2, 6]
a_iter: [0, 5, 3, 1, 2, 7]
a_iter: [0, 5, 3, 1, 2, 8]
a_iter: [0, 5, 3, 1, 6]
a_iter: [0, 5, 3, 1, 7]
a_iter: [0, 5, 3, 1, 8]
a_iter: [0, 5, 3, 2, 1, 6]
a_iter: [0, 5, 3, 2, 1, 7]
a_iter: [0, 5, 3, 2, 1, 8]
a_iter: [0, 5, 3, 2, 6]
a_iter: [0, 5, 3, 2, 7]
a_iter: [0, 5, 3, 2, 8]
a_iter: [0, 5, 3, 6]
a_iter: [0, 5, 3, 7]
a_iter: [0, 5, 3, 8]
a_iter: [0, 5, 6]
a_iter: [0, 5, 7]
a_iter: [0, 5, 8]
a_iter: [0, 6]
a_iter: [0, 7]
a_iter: [0, 8]
