a_iter: [2, 0, 1, 3, 5, 6]
a_iter: [2, 0, 1, 3, 5, 7]
a_iter: [2, 0, 1, 3, 5, 8]
a_iter: [2, 0, 1, 3, 6]
a_iter: [2, 0, 1, 3, 7]
a_iter: [2, 0, 1, 3, 8]
a_iter: [2, 0, 1, 5, 3, 6]
a_iter: [2, 0, 1, 5, 3, 7]
a_iter: [2, 0, 1, 5, 3, 8]
a_iter: [2, 0, 1, 5, 6]
a_iter: [2, 0, 1, 5, 7]
a_iter: [2, 0, 1, 5, 8]
a_iter: [2, 0, 1, 6]
a_iter: [2, 0, 1, 7]
a_iter: [2, 0, 1, 8]
a_iter: [2, 0, 3, 1, 5, 6]
a_iter: [2, 0, 3, 1, 5, 7]
a_iter: [2, 0, 3, 1, 5, 8]
a_iter: [2, 0, 3, 1, 6]
a_iter: [2, 0, 3, 1, 7]
a_iter: [2, 0, 3, 1, 8]
a_iter: [2, 0, 3, 5, 1, 6]
a_iter: [2, 0, 3, 5, 1, 7]
a_iter: [2, 0, 3, 5, 1, 8]
a_iter: [2, 0, 3, 5, 6]
a_iter: [2, 0, 3, 5, 7]
a_iter: [2, 0, 3, 5, 8]
a_iter: [2, 0, 3, 6]
a_iter: [2, 0, 3, 7]
a_iter: [2, 0, 3, 8]
a_iter: [2, 0, 5, 1, 3, 6]
a_iter: [2, 0, 5, 1, 3, 7]
a_iter: [2, 0, 5, 1, 3, 8]
a_iter: [2, 0, 5, 1, 6]
a_iter: [2, 0, 5, 1, 7]
a_iter: [2, 0, 5, 1, 8]
a_iter: [2, 0, 5, 3, 1, 6]
a_iter: [2, 0, 5, 3, 1, 7]
a_iter: [2, 0, 5, 3, 1, 8]
a_iter: [2, 0, 5, 3, 6]
a_iter: [2, 0, 5, 3, 7]
a_iter: [2, 0, 5, 3, 8]
a_iter: [2, 0, 5, 6]
a_iter: [2, 0, 5, 7]
a_iter: [2, 0, 5, 8]
a_iter: [2, 0, 6]
a_iter: [2, 0, 7]
a_iter: [2, 0, 8]
a_iter: [2, 1, 0, 3, 5, 6]
a_iter: [2, 1, 0, 3, 5, 7]
a_iter: [2, 1, 0, 3, 5, 8]
a_iter: [2, 1, 0, 3, 6]
a_iter: [2, 1, 0, 3, 7]
a_iter: [2, 1, 0, 3, 8]
a_iter: [2, 1, 0, 5, 3, 6]
a_iter: [2, 1, 0, 5, 3, 7]
a_iter: [2, 1, 0, 5, 3, 8]
a_iter: [2, 1, 0, 5, 6]
a_iter: [2, 1, 0, 5, 7]
a_iter: [2, 1, 0, 5, 8]
a_iter: [2, 1, 0, 6]
a_iter: [2, 1, 0, 7]
a_iter: [2, 1, 0, 8]
a_iter: [2, 1, 3, 0, 5, 6]
a_iter: [2, 1, 3, 0, 5, 7]
a_iter: [2, 1, 3, 0, 5, 8]
a_iter: [2, 1, 3, 0, 6]
a_iter: [2, 1, 3, 0, 7]
a_iter: [2, 1, 3, 0, 8]
a_iter: [2, 1, 3, 5, 0, 6]
a_iter: [2, 1, 3, 5, 0, 7]
a_iter: [2, 1, 3, 5, 0, 8]
a_iter: [2, 1, 3, 5, 6]
a_iter: [2, 1, 3, 5, 7]
a_iter: [2, 1, 3, 5, 8]
a_iter: [2, 1, 3, 6]
a_iter: [2, 1, 3, 7]
a_iter: [2, 1, 3, 8]
a_iter: [2, 1, 5, 0, 3, 6]
a_iter: [2, 1, 5, 0, 3, 7]
a_iter: [2, 1, 5, 0, 3, 8]
a_iter: [2, 1, 5, 0, 6]
a_iter: [2, 1, 5, 0, 7]
a_iter: [2, 1, 5, 0, 8]
a_iter: [2, 1, 5, 3, 0, 6]
a_iter: [2, 1, 5, 3, 0, 7]
a_iter: [2, 1, 5, 3, 0, 8]
a_iter: [2, 1, 5, 3, 6]
a_iter: [2, 1, 5, 3, 7]
a_iter: [2, 1, 5, 3, 8]
a_iter: [2, 1, 5, 6]
a_iter: [2, 1, 5, 7, 0]
a_iter: [2, 1, 5, 7, 3]
a_iter: [2, 1, 5, 7, 6]
a_iter: [2, 1, 5, 7, 8, 0]
a_iter: [2, 1, 5, 7, 8, 3]
a_iter: [2, 1, 5, 7, 8, 6]
a_iter: [2, 1, 5, 8, 0]
a_iter: [2, 1, 5, 8, 3]
a_iter: [2, 1, 5, 8, 6]
a_iter: [2, 1, 5, 8, 7, 0]
a_iter: [2, 1, 5, 8, 7, 3]
a_iter: [2, 1, 5, 8, 7, 6]
a_iter: [2, 1, 6]
a_iter: [2, 1, 7, 0]
a_iter: [2, 1, 7, 3]
a_iter: [2, 1, 7, 5, 0]
a_iter: [2, 1, 7, 5, 3]
a_iter: [2, 1, 7, 5, 6]
a_iter: [2, 1, 7, 5, 8, 0]
a_iter: [2, 1, 7, 5, 8, 3]
a_iter: [2, 1, 7, 5, 8, 6]
a_iter: [2, 1, 7, 6]
a_iter: [2, 1, 7, 8, 0]
a_iter: [2, 1, 7, 8, 3]
a_iter: [2, 1, 7, 8, 5, 0]
a_iter: [2, 1, 7, 8, 5, 3]
a_iter: [2, 1, 7, 8, 5, 6]
a_iter: [2, 1, 7, 8, 6]
a_iter: [2, 1, 8, 0]
a_iter: [2, 1, 8, 3]
a_iter: [2, 1, 8, 5, 0]
a_iter: [2, 1, 8, 5, 3]
a_iter: [2, 1, 8, 5, 6]
a_iter: [2, 1, 8, 5, 7, 0]
a_iter: [2, 1, 8, 5, 7, 3]
a_iter: [2, 1, 8, 5, 7, 6]
a_iter: [2, 1, 8, 6]
a_iter: [2, 1, 8, 7, 0]
a_iter: [2, 1, 8, 7, 3]
a_iter: [2, 1, 8, 7, 5, 0]
a_iter: [2, 1, 8, 7, 5, 3]
a_iter: [2, 1, 8, 7, 5, 6]
a_iter: [2, 1, 8, 7, 6]
a_iter: [2, 3, 0, 1, 5, 6]
a_iter: [2, 3, 0, 1, 5, 7]
a_iter: [2, 3, 0, 1, 5, 8]
a_iter: [2, 3, 0, 1, 6]
a_iter: [2, 3, 0, 1, 7]
a_iter: [2, 3, 0, 1, 8]
a_iter: [2, 3, 0, 5, 1, 6]
a_iter: [2, 3, 0, 5, 1, 7]
a_iter: [2, 3, 0, 5, 1, 8]
a_iter: [2, 3, 0, 5, 6]
a_iter: [2, 3, 0, 5, 7]
a_iter: [2, 3, 0, 5, 8]
a_iter: [2, 3, 0, 6]
a_iter: [2, 3, 0, 7]
a_iter: [2, 3, 0, 8]
a_iter: [2, 3, 1, 0, 5, 6]
a_iter: [2, 3, 1, 0, 5, 7]
a_iter: [2, 3, 1, 0, 5, 8]
a_iter: [2, 3, 1, 0, 6]
a_iter: [2, 3, 1, 0, 7]
a_iter: [2, 3, 1, 0, 8]
a_iter: [2, 3, 1, 5, 0, 6]
a_iter: [2, 3, 1, 5, 0, 7]
a_iter: [2, 3, 1, 5, 0, 8]
a_iter: [2, 3, 1, 5, 6]
a_iter: [2, 3, 1, 5, 7]
a_iter: [2, 3, 1, 5, 8]
a_iter: [2, 3, 1, 6]
a_iter: [2, 3, 1, 7]
a_iter: [2, 3, 1, 8]
a_iter: [2, 3, 5, 0, 1, 6]
a_iter: [2, 3, 5, 0, 1, 7]
a_iter: [2, 3, 5, 0, 1, 8]
a_iter: [2, 3, 5, 0, 6]
a_iter: [2, 3, 5, 0, 7]
a_iter: [2, 3, 5, 0, 8]
a_iter: [2, 3, 5, 1, 0, 6]
a_iter: [2, 3, 5, 1, 0, 7]
a_iter: [2, 3, 5, 1, 0, 8]
a_iter: [2, 3, 5, 1, 6]
a_iter: [2, 3, 5, 1, 7]
a_iter: [2, 3, 5, 1, 8]
a_iter: [2, 3, 5, 6]
a_iter: [2, 3, 5, 7]
a_iter: [2, 3, 5, 8]
a_iter: [2, 3, 6]
a_iter: [2, 3, 7]
a_iter: [2, 3, 8]
a_iter: [2, 5, 0, 1, 3, 6]
a_iter: [2, 5, 0, 1, 3, 7]
a_iter: [2, 5, 0, 1, 3, 8]
a_iter: [2, 5, 0, 1, 6]
a_iter: [2, 5, 0, 1, 7]
a_iter: [2, 5, 0, 1, 8]
a_iter: [2, 5, 0, 3, 1, 6]
a_iter: [2, 5, 0, 3, 1, 7]
a_iter: [2, 5, 0, 3, 1, 8]
a_iter: [2, 5, 0, 3, 6]
a_iter: [2, 5, 0, 3, 7]
a_iter: [2, 5, 0, 3, 8]
a_iter: [2, 5, 0, 6]
a_iter: [2, 5, 0, 7]
a_iter: [2, 5, 0, 8]
a_iter: [2, 5, 1, 0, 3, 6]
a_iter: [2, 5, 1, 0, 3, 7]
a_iter: [2, 5, 1, 0, 3, 8]
a_iter: [2, 5, 1, 0, 6]
a_iter: [2, 5, 1, 0, 7]
a_iter: [2, 5, 1, 0, 8]
a_iter: [2, 5, 1, 3, 0, 6]
a_iter: [2, 5, 1, 3, 0, 7]
a_iter: [2, 5, 1, 3, 0, 8]
a_iter: [2, 5, 1, 3, 6]
a_iter: [2, 5, 1, 3, 7]
a_iter: [2, 5, 1, 3, 8]
a_iter: [2, 5, 1, 6]
a_iter: [2, 5, 1, 7, 0]
a_iter: [2, 5, 1, 7, 3]
a_iter: [2, 5, 1, 7, 6]
a_iter: [2, 5, 1, 7, 8, 0]
a_iter: [2, 5, 1, 7, 8, 3]
a_iter: [2, 5, 1, 7, 8, 6]
a_iter: [2, 5, 1, 8, 0]
a_iter: [2, 5, 1, 8, 3]
a_iter: [2, 5, 1, 8, 6]
a_iter: [2, 5, 1, 8, 7, 0]
a_iter: [2, 5, 1, 8, 7, 3]
a_iter: [2, 5, 1, 8, 7, 6]
a_iter: [2, 5, 3, 0, 1, 6]
a_iter: [2, 5, 3, 0, 1, 7]
a_iter: [2, 5, 3, 0, 1, 8]
a_iter: [2, 5, 3, 0, 6]
a_iter: [2, 5, 3, 0, 7]
a_iter: [2, 5, 3, 0, 8]
a_iter: [2, 5, 3, 1, 0, 6]
a_iter: [2, 5, 3, 1, 0, 7]
a_iter: [2, 5, 3, 1, 0, 8]
a_iter: [2, 5, 3, 1, 6]
a_iter: [2, 5, 3, 1, 7]
a_iter: [2, 5, 3, 1, 8]
a_iter: [2, 5, 3, 6]
a_iter: [2, 5, 3, 7]
a_iter: [2, 5, 3, 8]
a_iter: [2, 5, 6]
a_iter: [2, 5, 7, 0]
a_iter: [2, 5, 7, 1, 0]
a_iter: [2, 5, 7, 1, 3]
a_iter: [2, 5, 7, 1, 6]
a_iter: [2, 5, 7, 1, 8, 0]
a_iter: [2, 5, 7, 1, 8, 3]
a_iter: [2, 5, 7, 1, 8, 6]
a_iter: [2, 5, 7, 3]
a_iter: [2, 5, 7, 6]
a_iter: [2, 5, 7, 8, 0]
a_iter: [2, 5, 7, 8, 1, 0]
a_iter: [2, 5, 7, 8, 1, 3]
a_iter: [2, 5, 7, 8, 1, 6]
a_iter: [2, 5, 7, 8, 3]
a_iter: [2, 5, 7, 8, 6]
a_iter: [2, 5, 8, 0]
a_iter: [2, 5, 8, 1, 0]
a_iter: [2, 5, 8, 1, 3]
a_iter: [2, 5, 8, 1, 6]
a_iter: [2, 5, 8, 1, 7, 0]
a_iter: [2, 5, 8, 1, 7, 3]
a_iter: [2, 5, 8, 1, 7, 6]
a_iter: [2, 5, 8, 3]
a_iter: [2, 5, 8, 6]
a_iter: [2, 5, 8, 7, 0]
a_iter: [2, 5, 8, 7, 1, 0]
a_iter: [2, 5, 8, 7, 1, 3]
a_iter: [2, 5, 8, 7, 1, 6]
a_iter: [2, 5, 8, 7, 3]
a_iter: [2, 5, 8, 7, 6]
a_iter: [2, 6]
a_iter: [2, 7, 0]
a_iter: [2, 7, 1, 0]
a_iter: [2, 7, 1, 3]
a_iter: [2, 7, 1, 5, 0]
a_iter: [2, 7, 1, 5, 3]
a_iter: [2, 7, 1, 5, 6]
a_iter: [2, 7, 1, 5, 8, 0]
a_iter: [2, 7, 1, 5, 8, 3]
a_iter: [2, 7, 1, 5, 8, 6]
a_iter: [2, 7, 1, 6]
a_iter: [2, 7, 1, 8, 0]
a_iter: [2, 7, 1, 8, 3]
a_iter: [2, 7, 1, 8, 5, 0]
a_iter: [2, 7, 1, 8, 5, 3]
a_iter: [2, 7, 1, 8, 5, 6]
a_iter: [2, 7, 1, 8, 6]
a_iter: [2, 7, 3]
a_iter: [2, 7, 5, 0]
a_iter: [2, 7, 5, 1, 0]
a_iter: [2, 7, 5, 1, 3]
a_iter: [2, 7, 5, 1, 6]
a_iter: [2, 7, 5, 1, 8, 0]
a_iter: [2, 7, 5, 1, 8, 3]
a_iter: [2, 7, 5, 1, 8, 6]
a_iter: [2, 7, 5, 3]
a_iter: [2, 7, 5, 6]
a_iter: [2, 7, 5, 8, 0]
a_iter: [2, 7, 5, 8, 1, 0]
a_iter: [2, 7, 5, 8, 1, 3]
a_iter: [2, 7, 5, 8, 1, 6]
a_iter: [2, 7, 5, 8, 3]
a_iter: [2, 7, 5, 8, 6]
a_iter: [2, 7, 6]
a_iter: [2, 7, 8, 0]
a_iter: [2, 7, 8, 1, 0]
a_iter: [2, 7, 8, 1, 3]
a_iter: [2, 7, 8, 1, 5, 0]
a_iter: [2, 7, 8, 1, 5, 3]
a_iter: [2, 7, 8, 1, 5, 6]
a_iter: [2, 7, 8, 1, 6]
a_iter: [2, 7, 8, 3]
a_iter: [2, 7, 8, 5, 0]
a_iter: [2, 7, 8, 5, 1, 0]
a_iter: [2, 7, 8, 5, 1, 3]
a_iter: [2, 7, 8, 5, 1, 6]
a_iter: [2, 7, 8, 5, 3]
a_iter: [2, 7, 8, 5, 6]
a_iter: [2, 7, 8, 6]
a_iter: [2, 8, 0]
a_iter: [2, 8, 1, 0]
a_iter: [2, 8, 1, 3]
a_iter: [2, 8, 1, 5, 0]
a_iter: [2, 8, 1, 5, 3]
a_iter: [2, 8, 1, 5, 6]
a_iter: [2, 8, 1, 5, 7, 0]
a_iter: [2, 8, 1, 5, 7, 3]
a_iter: [2, 8, 1, 5, 7, 6]
a_iter: [2, 8, 1, 6]
a_iter: [2, 8, 1, 7, 0]
a_iter: [2, 8, 1, 7, 3]
a_iter: [2, 8, 1, 7, 5, 0]
a_iter: [2, 8, 1, 7, 5, 3]
a_iter: [2, 8, 1, 7, 5, 6]
a_iter: [2, 8, 1, 7, 6]
a_iter: [2, 8, 3]
a_iter: [2, 8, 5, 0]
a_iter: [2, 8, 5, 1, 0]
a_iter: [2, 8, 5, 1, 3]
a_iter: [2, 8, 5, 1, 6]
a_iter: [2, 8, 5, 1, 7, 0]
a_iter: [2, 8, 5, 1, 7, 3]
a_iter: [2, 8, 5, 1, 7, 6]
a_iter: [2, 8, 5, 3]
a_iter: [2, 8, 5, 6]
a_iter: [2, 8, 5, 7, 0]
a_iter: [2, 8, 5, 7, 1, 0]
a_iter: [2, 8, 5, 7, 1, 3]
a_iter: [2, 8, 5, 7, 1, 6]
a_iter: [2, 8, 5, 7, 3]
a_iter: [2, 8, 5, 7, 6]
a_iter: [2, 8, 6]
a_iter: [2, 8, 7, 0]
a_iter: [2, 8, 7, 1, 0]
a_iter: [2, 8, 7, 1, 3]
a_iter: [2, 8, 7, 1, 5, 0]
a_iter: [2, 8, 7, 1, 5, 3]
a_iter: [2, 8, 7, 1, 5, 6]
a_iter: [2, 8, 7, 1, 6]
a_iter: [2, 8, 7, 3]
a_iter: [2, 8, 7, 5, 0]
a_iter: [2, 8, 7, 5, 1, 0]
a_iter: [2, 8, 7, 5, 1, 3]
a_iter: [2, 8, 7, 5, 1, 6]
a_iter: [2, 8, 7, 5, 3]
a_iter: [2, 8, 7, 5, 6]
a_iter: [2, 8, 7, 6]
